414
893
1472
2236
3276
4276
5363
7340
8721
10344
12026
13733
15549
17517
19655
22556
24895
27593
30502
33252
36164
39263
42685
46648
50002
53594
57286
61167
65264
69397
73653
78635
83212
87770
92596
97430
102350
107456
112755
118546
124018
129578
135367
141475
147952
154224
160514
167840
174434
181046
187796
194755
201928
209123
216326
224300
231858
239492
247400
255691
264480
272928
281536
291663
300520
309592
318834
328544
338208
348052
358087
369216
379528
390006
400498
411030
421739
432507
443586
455126
466415
477835
489311
501118
519214
535420
547772
561442
574160
586849
599656
612603
625528
638524
651626
665612
679200
692842
706625
720460
734390
748575
762788
778254
792842
807582
822543
837482
852518
867832
883513
899523
915256
930990
946977
963072
979178
995509
1011893
1032180
1054140
1071065
1087946
1104956
1122113
1139402
1156820
1175244
1193000
1210850
1228815
1246948
1265234
1283599
1302104
1321187
1339968
1359050
1378116
1397300
1419742
1444126
1463718
1484026
1503891
1523890
1544132
1564406
1584813
1605357
1626066
1648548
1669500
1690592
1711811
1733171
1754670
1776296
1798064
1820383
1842424
1865922
1888238
1910682
1933266
1955988
1978839
2002279
2025408
2048672
2072076
2095614
2119287
2143098
2167042
2191443
2215660
2240011
2264499
2289124
2313883
2350735
2375770
2401508
2426812
2452255
2485161
2510874
2536724
2562750
2589727
2616567
2642960
2669492
2696151
2722953
2749892
2776959
2805514
2833348
2860831
2888448
2916202
2944092
2972116
3000379
3034885
3064559
3094094
3141156
3190307
3232123
3267883
3297379
3327250
3358076
3388594
3423025
3453925
3484521
3515124
3546230
3577090
3609896
3641314
3672415
3703666
3735198
3766573
3798113
3829812
3863577
3895859
3928411
3961128
3993951
4026938
4060044
4093332
4128396
4167219
4208547
4241750
4275081
4308551
4342154
4375885
4410547
4444688
4478833
4513113
4547529
4582081
4616820
4651794
4687072
4722169
4757427
4792794
4828294
4863935
4899710
4935618
4972042
5008228
5044548
5088599
5125197
5161926
5198792
5235793
5273596
5310865
5348273
5385820
5423495
5461311
5499266
5537350
5575927
5614288
5652782
5691414
5730183
5769086
5808126
5847303
5886958
5926403
5965989
6010164
6050035
6090029
6130160
6170419
6211374
6251909
6299408
6340214
6381158
6422242
6463455
6504811
6546907
6588542
6630306
6672197
6714229
6756400
6798700
6841140
6884601
6932695
6976811
7020281
7063916
7107612
7153082
7197377
7243794
7288141
7332216
7376511
7420794
7465301
7509855
7554560
7599914
7644902
7690239
7736003
7781588
7835829
7881490
7927308
7974125
8020194
8066417
8112940
8159768
8206649
8253860
8300871
8348524
8396293
8444659
8492901
8540759
8588446
8636222
8684154
8735905
8788692
8837149
8885588
8934160
8982873
9031722
9080750
9130730
9180230
9229990
9281660
9349220
9399255
9449538
9499921
9551626
9602044
9659392
9710307
9761422
9812577
9863861
9915188
9967510
10019058
10070839
10157454
10244787
10297059
10349465
10401984
10455539
10508162
10560916
10623053
10683128
10763948
10851372
10939890
11039429
11119559
11206791
11296612
11388129
11473514
11571064
11638649
11697039
11752612
11808470
11879740
11939444
12002717
12059740
12116776
12174962
12232179
12289539
12347026
12412830
12470804
12528804
12586896
12645930
12704286
12762786
12825324
12884072
12943101
13002247
13061656
13122304
13181980
13241663
13301592
13401736
13463218
13523387
13583654
13644989
13705646
13766368
13827276
13918650
14023539
14093418
14197410
14306319
14408468
14501963
14598987
14700476
14804185
14900356
15002031
15109645
15218692
15316515
15423353
15529913
15639100
15746994
15856874
15967800
16083773
16192630
16302893
16414285
16527255
16637140
16749814
16863242
16977745
17091535
17204544
17317035
17430717
17543094
17623386
17691594
17767568
17834594
17910271
18027491
18143278
18258282
18373458
18490180
18605869
18691992
18760407
18832772
18901753
18970874
19040088
19110524
19180299
19250418
19320857
19391679
19462805
19534051
19605435
19677459
19755464
19827238
19899186
19971364
20043610
20115986
20188512
20262061
20335013
20408150
20481546
20555458
20629348
20709420
20783831
20859602
20934072
21008695
21083497
21158522
21233884
21309268
21385042
21462005
21539302
21622497
21698796
21776263
21853534
21930634
22008196
22086113
22163816
22241056
22319660
22397244
22478068
22555938
22633885
22712994
22792037
22870786
22954070
23034255
23114233
23195009
23278756
23363126
23453446
23534407
23615659
23696626
23778179
23859657
23941880
24028664
24111588
24194092
24276139
24366105
24448618
24531284
24614102
24697982
24781137
24871104
24954468
25037948
25121592
25205366
25291085
25382399
25466553
25552648
25641382
25725961
25810671
25895526
25980538
26066512
26153745
26239164
26324927
26411572
26497509
26583562
26669798
26763712
26855797
26945678
27033706
27151896
27248474
27335674
27422965
27513652
27601311
27689153
27777196
27865373
27953669
28044908
28133437
28223800
28312805
28402090
28491626
28581395
28671386
28761524
28851816
28944386
29035028
29126059
29222194
29313370
29407832
29507326
29599101
29691786
29783975
29881193
29973771
30066483
30159380
30252394
30345572
30439538
30533027
30626664
30721234
30815884
30909774
31003830
31098081
31193644
31288239
31383010
31477974
31573081
31669992
31765451
31861067
31957348
32053274
32149743
32245960
32342390
32438898
32535588
32635611
32733218
32830412
32927681
33026106
33123762
33221524
33319468
33417571
33517988
33616424
33715018
33813789
33912663
34011678
34110864
34210222
34310298
34411459
34511246
34611134
34711117
34811226
34911511
35011879
35112964
35213684
35317656
35418692
35519866
35621191
35722668
35827431
35929904
36031787
36133808
36237947
36340209
36446523
36549094
36651806
36756361
36859367
36962448
37065672
37175861
37279405
37383052
37486820
37591587
37695909
37801728
37906251
38012247
38120384
38225308
38330412
38436356
38541826
38647588
38753569
38859789
38966188
39074772
39181511
39289060
39396170
39503502
39611044
39718772
39826789
39936453
40044684
40153870
40262698
40372394
40485592
40596344
40706502
40820530
40931216
41043979
41155220
41266728
41378428
41490357
41602472
41714814
41828941
41942202
42055108
42168122
42281295
42394611
42508070
42621660
42738161
42853042
42967132
43081389
43195784
43310347
43425041
43539874
43657668
43773397
43889470
44004990
44120643
44236427
44352376
44469316
44587102
44704036
44820605
44937328
45054212
45171230
45288402
45407225
45524730
45642959
45760774
45878724
45996862
46115115
46233498
46354918
46473610
46593049
46712050
46831210
46950526
47069944
47191146
47312344
