1482
3674
6919
11735
18411
24654
30262
38032
45116
52940
61496
70788
80816
91580
103080
116144
129116
142824
157268
172451
188367
205022
222414
241293
261650
281246
301578
322647
344453
366993
390270
415204
439962
465448
491669
518637
546330
577899
607059
644899
675532
706904
739015
771863
805443
839762
874818
911615
948143
985406
1023402
1062138
1101609
1141813
1182757
1225179
1267591
1310742
1354630
1399250
1444609
1491803
1538639
1590962
1651424
1722021
1807140
1875285
1944864
2015979
2090684
2169094
2239857
2295272
2362150
2418567
2493604
2513729
2534113
2555547
2576446
2597676
2619100
2640829
2662875
2685254
2707807
2731000
2754117
2777519
2801604
2825641
2849706
2873945
2898425
2924633
2949658
2974907
3000414
3026175
3052191
3078466
3104995
3132586
3159626
3186923
3214477
3242285
3270351
3298672
3327248
3356381
3388053
3417397
3446998
3476855
3506967
3537335
3567959
3599232
3630369
3661761
3693409
3725314
3757474
3789890
3822593
3855822
3889009
3922453
3956197
3990149
4024357
4062461
4097182
4132712
4167945
4203433
4239178
4275179
4313059
4349571
4386340
4423739
4461454
4499147
4536944
4574993
4613297
4651860
4690676
4730087
4769953
4809537
4849379
4889477
4929829
4970437
5011305
5052743
5094121
5139553
5181447
5233993
5289346
5348240
5415413
5468807
5515066
5559453
5604542
5650027
5695217
5740341
5785913
5833290
5878872
5924601
6034831
6082694
6132732
6179569
6226580
6276077
6323597
6371467
6419853
6468407
6517910
6568571
6617677
6669248
6718863
6768688
6818768
6869105
6919697
6970545
7021650
7077617
7129238
7181110
7233287
7285690
7338380
7391276
7444961
7499407
7553072
7606992
7661169
7715601
7770289
7825234
7883680
7943145
7999009
8054979
8111203
8167683
8224420
8281412
8338661
8396684
8454447
8512463
8571516
8630043
8688828
8747869
8807165
8869150
8928958
8989022
9049343
9109935
9170906
9232135
9293480
9355695
9417551
9479664
9542032
9604656
9667537
9731108
9797840
9862052
9925956
9990643
10055140
10119812
10184741
10249926
10315366
10381501
10447454
10513666
10580131
10646851
10716949
10784182
10851671
10919970
10987970
11056227
11124739
11193509
11262534
11331814
11401350
11471482
11541534
11613732
11685973
11756799
11827873
11899202
11970786
12043149
12115246
12187598
12260207
12334550
12408960
12482340
12558103
12632571
12706717
12781118
12856310
12931222
13006390
13081814
13157496
13233804
13309996
13386445
13467892
13544852
13622069
13699541
13777269
13855857
13934098
14012594
14091347
14170355
14249619
14329140
14410855
14491715
14573743
14654293
14735097
14816154
14897467
14979038
15061397
15144043
15226379
15310937
15394339
15477893
15561261
15644879
15728751
15813419
15897808
15982450
16067347
16152499
16241631
16327296
16413217
16500493
16586933
16673622
16760566
16847766
16935223
17024073
17115452
17204259
17292739
17381475
17470468
17559716
17649221
17738982
17828998
17920811
18011349
18103931
18194991
18286287
18377843
18469652
18561717
18654556
18747133
18839965
18935199
19029309
19122923
19216782
19311327
19406340
19500969
19595851
19690987
19786379
19883760
19980203
20076371
20173336
20270519
20367446
20464631
20562072
20659768
20757721
20857288
20956257
21054986
21153971
21253212
21352708
21452991
21553000
21653264
21757903
21858671
21959695
22060976
22162512
22264305
22366353
22468661
22571832
22676381
22779468
22883331
22986927
23091192
23195288
23299641
23404815
23509688
23616522
23721905
23827537
23933426
24040085
24146489
24253698
24360615
24470803
24578237
24685921
24793858
24903189
25011648
25121234
25230734
25339961
25450835
25560579
25670580
25780836
25891349
26002653
26113678
26224960
26340988
26453329
26565367
26677655
26790201
26904097
27017169
27130498
27247676
27362298
27476395
27591274
27705882
27821359
27936481
28051860
28169161
28285049
28401193
28518600
28635257
28752801
28869969
28987393
29106469
29224405
29342599
29461047
29579752
29699242
29818458
29940749
30060477
30180465
30300705
30421755
30542508
30665229
30786954
30909893
31031670
31153703
31275993
31398537
31521339
31644947
31768260
31893618
32017442
32141523
32265860
32390454
32515304
32640937
32769684
32895300
33021174
33147868
33274255
33400895
33527792
33656913
33784321
33911985
34040777
34168953
34297900
34426588
34557632
34687420
34816884
34946603
35076579
35206811
35337299
35472204
35603204
35735059
35866572
35998342
36130365
36262644
36396604
36529395
36662443
36796614
36930729
37064545
37199200
37334810
37469396
37605963
37741058
37877028
38013176
38149040
38288674
38425491
38562123
38699015
38836160
38974164
39113194
39251105
39389273
39528213
39666893
39805829
39946028
40087453
40227156
40368251
40508468
40648940
40790200
40931183
41075211
41217289
41359041
41501050
41643314
41785835
41930449
42073480
42218297
42371608
42515407
42659463
42805783
42950905
43095727
43241354
43386689
43533036
43678883
43830013
44030799
44195299
44342175
44490501
44651717
44800424
44948320
45097046
45245470
45396516
45547353
45697063
45846496
45997287
46147230
46297429
46452534
46603769
46754738
46906468
47057947
47210299
47363911
47517311
47669813
47822573
47975589
48129427
48284626
48438989
48593029
48747325
48901881
49057230
49215486
49371052
49526628
49683072
49840116
49996458
50155127
50311983
50470233
50627599
50785223
50943697
51103283
51261674
51421417
51580321
51739485
51899457
52065569
52230150
52394415
52559370
52724039
52890804
53055958
53218294
53380951
53544360
53706921
53870954
54033699
54196698
54359953
54523466
54687234
54926473
55175452
55443275
55714258
55984847
56241453
56420353
56590978
56758287
56928679
57095264
57268938
57436841
57610945
57779098
57946959
58115906
58284282
58476614
58645501
58815243
58985869
59155524
59326297
59497096
59668438
59840079
60011573
60182765
60356581
60530191
60702150
60875645
61048115
61222709
61395693
61569491
61742986
61916737
62091361
62266203
62441911
62616687
62791718
62969949
63145493
63321292
63497348
63674271
63851424
64029507
64206585
64383920
64561514
64739362
64918017
65097960
65277120
65455992
65635120
65815967
65996166
66177239
66357389
66538383
66719775
66900695
67081871
67263304
67447016
67629759
67812550
67995674
68178387
68361354
68547117
68730596
68915354
69099869
69284117
69469976
69654737
69839753
70025580
70211107
70398550
70584589
70770885
70957999
71145644
71335183
71522502
71710081
71897915
72086003
72274348
72464146
72653518
72843074
73032442
73222679
73413087
73603747
73794137
73987431
74178335
74370521
74561936
74753607
74947355
75139536
75331976
75525761
75719269
75913081
76107098
76301055
76495763
76689993
76886046
77081399
77276983
77472237
77668970
77864738
78060762
78258155
78454690
78652652
78849700
79047005
79244566
79442381
79641727
79840054
80038637
80238744
80438957
80638309
80837917
81037781
81237901
81438648
