7032
20657
40933
67784
101300
141445
188180
242691
302706
369343
442600
522483
608973
700253
734947
772363
811670
853271
897186
943398
991912
1042715
1095814
1151551
1209284
1269319
1331658
1396290
1463231
1532472
1604665
1682567
1761018
1839629
1920631
2003601
2088868
2176590
2267259
2361182
2457326
2557609
2656691
2758085
2861764
2967748
3076047
3187674
3300565
3422075
3540730
3660540
3783173
3907584
4036247
4165885
4297187
4431551
4567456
4705663
4846167
4989007
5134124
5285136
5435377
5590269
5746101
5907919
6068322
6286829
6452573
6622772
6790817
6961157
7135410
7310359
7487592
7667123
7848961
8034420
8220853
8409581
8600603
8793919
8991019
9188969
9389183
9592220
9798545
10006409
10215834
10427531
10641556
10858317
11076932
11298355
11521560
11748364
11977220
12207435
12439894
12675548
12912574
13152983
13394599
13639705
13886393
14135902
14387183
14641564
14897007
15155226
15415735
15678077
15942718
16209636
16479357
16753039
17026881
17305152
17585666
17866425
18150203
18435566
18723232
19014859
19307120
19601693
19898038
20197958
20499925
20803158
21109309
21417159
21727298
22040721
22355449
22673730
22993047
23314647
23639063
23965273
24293764
24625358
24958419
25293787
25632371
25972348
26314629
26659686
27006557
27356537
27707954
28061655
28420304
28778635
29170869
29573451
29969235
30357933
30727872
31102072
31476489
31853783
32232751
32614024
32998181
33384505
33774004
34164467
34557236
34952737
35350096
35750203
36152167
36557774
36964327
37373558
37784687
38198113
38615638
39033640
39455661
39878719
40319336
40769313
41221843
41663259
42102787
42539194
42981787
43424492
43868788
44314359
44763882
45214005
45667057
46156503
46616756
47080599
47546710
48010647
48477641
48946122
49417439
49890533
50367114
50845382
51325867
51808117
52293010
52779863
53270027
53761468
54255618
54752026
55251455
55759411
56274393
56780647
57288146
57798616
58310707
58827612
59344265
59863651
60385306
60908879
61435681
61963855
62494773
63027921
63563510
64101765
64662402
65209431
65755495
66305433
66859738
67412039
67966130
68521834
69083866
69651742
70214331
70781720
71349517
71919985
72493557
73067603
73644473
74223558
74804519
75388751
75975266
76561729
77150561
77742439
78335266
78930917
79528337
80128323
80731265
81336079
81943109
82552391
83163546
83778013
84394306
85012358
85632995
86256925
86881815
87509387
88139299
88772051
89409029
90046189
90685161
91326515
91971133
92617183
93264940
93915347
94570873
95226258
95883175
96543647
97206389
97870145
98536664
99205355
99876959
100549861
101225493
101905906
102587004
103269055
103953940
104641089
105333393
106024641
106718608
107415349
108114578
108814964
109518228
110223531
110931703
111641275
112353706
113071247
113789383
114508617
115229593
115953414
116680250
117408616
118139122
118872121
119607932
120345419
121085214
121827823
122571723
123318444
124067276
124819498
125573081
126328408
127086361
127848420
128611212
129376060
130143855
130913312
131685393
132459443
133236317
134014987
134795839
135579654
136364722
137154751
137947461
138745243
139540055
140337143
141136957
141938077
142742025
143549123
144358049
145168804
145981622
146797335
147633278
148453759
149275457
150102071
150928877
151757875
152590013
153423762
154259615
155098283
155938788
156782113
157627708
158474551
159324220
160175966
161031006
161887602
162746248
163608316
164471666
165337283
166206668
167077048
167949617
168824909
169702022
170581886
171464083
172348175
173234374
174123515
175014623
175907251
176802663
177701433
178601408
179506585
180412348
181319450
182228507
183140374
184054267
184971357
185890237
186810923
187734643
188660690
189588199
190518013
191450725
192385672
193325390
194266254
195207948
196152176
197097942
198045874
198996759
199949983
200904823
201864984
202824728
203786447
204751266
205717694
206686169
207658340
208639959
209615637
210605472
211585964
212568249
213555259
214542153
215532924
216524496
217518235
218514783
219514037
220515316
221519222
222524547
223536331
224547397
225559919
226574870
227591694
228610648
229633186
230656802
231683219
232711971
233745813
234779311
235814435
236851565
237891625
238933466
239998091
241046450
242097694
243149453
244204843
245260502
246319053
247379315
248446154
249511133
250578052
251658263
252729997
253803761
254881226
255959591
257041766
258125001
259210340
260298512
261388900
262481738
263576353
264673035
265773309
266875101
267979241
269085261
270222801
271334006
272448712
273564549
274682585
275876584
277012459
278137445
279265349
280394359
281526691
282660879
283798177
284936891
286079316
287222609
288367532
289514557
290665145
291816731
292972329
294157841
295339497
296500971
297664071
298834315
300007276
301178646
302346990
303516428
304688267
305861507
307037540
308220579
309401304
310583496
311769595
312956264
314145089
315336765
316530664
317726945
318928248
320130416
321333830
322538552
323746891
324959401
326172030
327386458
328603236
329821775
331044388
332287139
333512622
334742183
335972033
337205143
338439996
339677290
340946004
342189686
343436703
344682358
345932062
347182310
348435572
349690941
350949741
352209956
353472292
354736267
356003418
357272023
358542717
359816912
361092901
362372485
363652361
364935193
366220461
367507924
368797394
370089223
371383424
372680407
373978625
375280167
376582861
377891169
379198547
380507970
381825569
383139573
384458975
385779775
387102678
388425902
389752301
391081181
392412741
393745501
395080640
396418265
397758025
399099871
400445735
401792503
403142283
404493179
405846625
407201723
408563158
409923287
411289245
412655269
414046330
415415687
416788148
418163080
419539871
420917748
422298947
423692474
425082893
426477644
427868621
429260641
430656929
432056692
433456099
434863690
436269998
437675648
439083890
440494141
441906849
443321575
444738861
446158257
447580833
449005232
450433123
451861608
453293130
454725902
456161838
457600681
459047889
460490993
461934956
463384027
464832546
466284414
467738796
469195911
470654590
472117245
473582201
475047519
476514577
477985540
479456781
480943120
482419844
483899643
485383035
486865743
488351642
489839149
491329083
492821195
494316391
495813063
497312691
498813393
500317489
501823731
503335858
504847546
506438915
507955268
509472854
510993236
512515388
514040843
515572792
517101023
518633623
520166666
521702370
523240033
524808009
526351180
527898110
529454817
531005437
532557489
534111122
535667238
537225455
538786644
540349923
541914392
543483247
545052835
546624744
548202496
549780303
551364223
552946933
554537979
556125053
557712941
559303012
560895861
562491438
564087821
565687566
567288941
568893987
570531227
572155642
573768212
575383543
576999027
578616373
580236813
581860229
583484296
585110815
586741011
588373086
590006916
591641984
593280381
594921667
596565946
598211048
599857505
601507671
603159106
604813418
606469954
608135740
609797585
611460418
613126217
614794009
616589075
618264130
619938695
621617287
623296796
624979903
626734878
628442400
630130325
631821838
633514366
635214192
636912106
638615439
640317466
642021359
643728151
645437285
647149431
648864053
650579685
652301049
654021391
655743377
657472308
659200175
660932122
662665612
664399603
666135289
667883973
669623931
671367847
673114619
674861973
676612952
678369897
680125452
681882955
683641858
685402614
687166174
688936937
690733920
692523167
694300439
696076465
697853890
699633273
701417798
