OUT1	Прогноз сети	Ошибка	
148	154,7693	-6,769257	
150	154,1404	-4,14035	
168	165,4525	2,54747	
175	168,6659	6,334122	
169	173,3888	-4,388824	
181	176,2373	4,76268	
	192,3812		
200	197,839	2,161011	
201	199,5824	1,417557	
205	200,39	4,610001	
198	199,8766	-1,876587	
217	211,6958	5,30423	
172	174,9096	-2,909622	
175	171,0076	3,992432	
194	197,893	-3,89299	
202	199,2485	2,751495	
205	198,6662	6,333832	
213	215,5506	-2,550644	
222	227,345	-5,344986	
241	245,3507	-4,350739	
252	251,1966	0,8033905	
242	236,2549	5,745056	
226	232,3774	-6,377396	
258	258,4406	-0,4405518	
187	190,9253	-3,925262	
184	189,4015	-5,401489	
198	203,3236	-5,323563	
205	202,4692	2,530777	
205	207,1822	-2,182205	
			
	Правильно:	28 (100%)	
	Неправильно:	0 (0%)	
	Всего:	28	
	Ср.ошибка:	3,898876	
	Макс.ошибка:	6,769257	
